287
1.5	0	0.0357178711253	0	5
1.5	0	0.0491700223027	5	10
1.5	0	0.0135982651785	10	15
1.5	0	0.0340541737774	15	20
1.5	0	0.0104170458737	20	25
1.5	0	0.0368297033287	25	30
1.5	0	0.0241038133533	30	35
1.5	0	0.0266955709745	35	40
1.5	0	0.0330493804521	40	45
1.5	0	0.0309061628598	45	50
0.75	0	0.0372153041915	50	55
1	0	0.035062606488	55	60
0.75	0	0.0452967312063	60	65
0.75	0	0.038413401946	65	70
0.75	0	0.0433130287687	70	75
1	0	0.0380316217923	75	80
1	0	0.014247588905	80	85
1	0	0.0443787555098	85	90
1	0	0.0386613437985	90	95
1	0	0.0413966642634	95	100
1	0	0.0460459103474	100	105
1	0	0.0374806131696	105	110
1	0	0.0149693776023	110	115
1	0	0.0136502276041	115	120
1	0	0.0268953173629	120	125
1	0	0.0297081706414	125	130
1	0	0.0246384581031	130	135
1	0	0.0276585913046	135	140
1.25	0	0.0304556414964	140	145
1.25	0	0.0118397205201	145	150
1.25	0	0.018705033451	150	155
1.25	0	0.0179090663998	155	160
1.25	0	0.0228854552971	160	165
1.25	0	0.0338577243106	165	170
1.25	0	0.0216910766758	170	175
1.25	0	0.0350311677578	175	180
1.25	0	0.0252283319508	180	185
1.25	0	0.016463507511	185	190
1.25	0	0.0350194522976	190	195
1.5	0	0.0425591871748	195	200
1.5	0	0.0272329671992	200	205
1.5	0	0.0324982683943	205	210
1.5	0	0.0122416102789	210	215
1.5	0	0.0284409179142	215	220
1.5	0	0.0439708969765	220	225
1.75	0	0.01599947823	225	230
1.75	0	0.0435866781719	230	235
1.75	0	0.0391112799054	235	240
1.75	0	0.0294130818287	240	245
1.75	0	0.0102127544947	245	250
1.75	0	0.0245172395274	250	255
1.75	0	0.0224160712237	255	260
1.25	0	0.0392874539474	260	265
1.25	0	0.0221562888089	265	270
1.25	0	0.0155826872455	270	275
1.25	0	0.0380532008681	275	280
1	0	0.0440615767321	280	285
1.25	0	0.020054760788	285	290
1.25	0	0.0146002166965	290	295
1.25	0	0.041591882734	295	300
1.25	0	0.0104591955108	300	305
1.25	0	0.0169195373059	305	310
1.25	0	0.0306311404389	310	315
1	0	0.0225636610411	315	320
1	0	0.0329625636862	320	325
1.25	0	0.0447424069395	325	330
1.5	0	0.0219383777755	330	335
1.25	0	0.0164162092721	335	340
1.25	0	0.0164218510181	340	345
1.25	0	0.0264438288474	345	350
1.5	0	0.035144383038	350	355
1.5	0	0.0361045023406	355	360
1.75	0	0.0396577958947	360	365
1.75	0	0.0333660698448	365	370
1.75	0	0.0310707925749	370	375
1.5	0	0.0354616455414	375	380
1.5	0	0.0148637244619	380	385
1.5	0	0.0473250648863	385	390
1.5	0	0.0336739783599	390	395
1.5	0	0.0302575481091	395	400
1.25	0	0.0358556053477	400	405
1	0	0.0167462777385	405	410
1	0	0.0338438399604	410	415
1	0	0.03903011802	415	420
1	0	0.0203113977957	420	425
1	0	0.0367118994377	425	430
1	0	0.0427986417373	430	435
1	0	0.0483147827112	435	440
1	0	0.0380995152906	440	445
1	0	0.0315715498851	445	450
1	0	0.0430543172502	450	455
1	0	0.0221949795541	455	460
0.75	0	0.0382919565712	460	465
0.75	0	0.0394753556043	465	470
0.75	0	0.0404593174505	470	475
0.75	0	0.0232732371736	475	480
0.75	0	0.038669497033	480	485
0.75	0	0.0448429784922	485	490
0.75	0	0.0476058734029	490	495
0.75	0	0.0129133430915	495	500
0.75	0	0.047073564503	500	505
0.75	0	0.0245326210158	505	510
1	0	0.0355269945723	510	515
1	0	0.0302389479125	515	520
1.25	0	0.0245044209861	520	525
1.25	0	0.0130234102602	525	530
1.25	0	0.0220537270584	530	535
1.25	0	0.0116654348277	535	540
1.25	0	0.0233930051517	540	545
1.25	0	0.0492658281167	545	550
1.25	0	0.0322252789517	550	555
1	0	0.0413258705026	555	560
1	0	0.0237531128818	560	565
1	0	0.0285208048271	565	570
1	0	0.0353018326504	570	575
1.25	0	0.0199512264758	575	580
1.25	0	0.0419573930579	580	585
1.25	0	0.0154861624002	585	590
1	0	0.0161095065621	590	595
1	0	0.0340691212016	595	600
0.75	0	0.0392259914311	600	605
0.75	0	0.0294942912605	605	610
0.75	0	0.0255826566171	610	615
0.75	0	0.0118044209953	615	620
0.75	0	0.0389441244592	620	625
1	0	0.0393020300109	625	630
1.25	0	0.0192644872458	630	635
1	0	0.0456691874109	635	640
1	0	0.0189868659997	640	645
1	0	0.0370880265042	645	650
0.75	0	0.0187809008099	650	655
0.75	0	0.0252491382795	655	660
0.75	0	0.0490201947491	660	665
0.75	0	0.0242514945721	665	670
0.75	0	0.0148706434906	670	675
1	0	0.0416716900685	675	680
1.25	0	0.0246558340337	680	685
1.5	0	0.022617792674	685	690
1.5	0	0.038464765072	690	695
2	0	0.0186030394983	695	700
2.5	0	0.0356325910175	700	705
2.5	0	0.0361936375953	705	710
3	0	0.0295890260374	710	715
3	0	0.0235993230073	715	720
4	0	0.0394768473926	720	725
3	0	0.0475646566064	725	730
3	0	0.0452811184898	730	735
3	0	0.0138331234502	735	740
3	0	0.0258665938996	740	745
3	0	0.0278047569163	745	750
3	0	0.0417499765478	750	755
3	0	0.0430094764784	755	760
3	0	0.0202032546755	760	765
3	0	0.0335819716342	765	770
3	0	0.0206779692353	770	775
3	0	0.0108582332931	775	780
3	0	0.028725511559	780	785
3	0	0.0458299990313	785	790
3	0	0.0413260830923	790	795
3	0	0.010716636077	795	800
3	0	0.017076710246	800	805
3	0	0.0242240624658	805	810
3	0	0.0110399597013	810	815
3	0	0.0378469716569	815	820
3	0	0.0440116802609	820	825
3	0	0.0249946568101	825	830
3	0	0.0420640880851	830	835
3	0	0.014767466075	835	840
3	0	0.0268682264964	840	845
3	0	0.0286699774444	845	850
3	0	0.030683195764	850	855
3	0	0.0296498968664	855	860
3	0	0.0340669593382	860	865
3	0	0.0455608157478	865	870
3	0	0.049078148525	870	875
3	0	0.0382361466686	875	880
2	0	0.0391858177034	880	885
2	0	0.0419699080327	885	890
1	0	0.0384356571594	890	895
1	0	0.0116979747491	895	900
1	0	0.0306592687646	900	905
1	0	0.0394671628112	905	910
1	0	0.0204030638428	910	915
1	0	0.0333280682622	915	920
1	0	0.0488134032158	920	925
1	0	0.0245815384996	925	930
1	0	0.0365252127842	930	935
1	0	0.029555515211	935	940
1	0	0.0253440504697	940	945
1	0	0.0241514615675	945	950
2	0	0.0491660877597	950	955
2	0	0.0337442284691	955	960
2	0	0.0270853236345	960	965
2	0	0.0355535094585	965	970
2	0	0.0447508789713	970	975
2	0	0.0209194397643	975	980
2	0	0.0447261124082	980	985
2	0	0.0337369595259	985	990
2	0	0.0271623228383	990	995
2	0	0.025699736091	995	1000
2	0	0.0361970672769	1000	1005
2	0	0.0458222330386	1005	1010
4	0	0.0304369393561	1010	1015
4	0	0.0422188503063	1015	1020
4	0	0.0238095550545	1020	1025
4	0	0.0251384696189	1025	1030
4	0	0.029062799303	1030	1035
4	0	0.0438612323212	1035	1040
4	0	0.0112769338151	1040	1045
4	0	0.0210506559978	1045	1050
4	0	0.0471004176233	1050	1055
4	0	0.0270895341266	1055	1060
4	0	0.0193281353918	1060	1065
4	0	0.0342800871109	1065	1070
4	0	0.0237077074379	1070	1075
4	0	0.0861636263578	1075	1080
4	0	0.0528665229763	1080	1085
4	0	0.0909681657321	1085	1090
4	0	0.0752190987825	1090	1095
4	0	0.0993205767072	1095	1100
4	0	0.0998956413321	1100	1105
4	0	0.0969548740105	1105	1110
4	0	0.0145945777489	1110	1115
5	0	0.0221310906264	1115	1120
5	0	0.0210575504846	1120	1125
5	0	0.0122277761276	1125	1130
5	0	0.0453553058354	1130	1135
5	0	0.0205830339968	1135	1140
5	0	0.0428251210321	1140	1145
5	0	0.0877602660332	1145	1150
5	0	0.0876735992303	1150	1155
5	0	0.0676150382338	1155	1160
5	0	0.0518984181738	1160	1165
5	0	0.0740669167809	1165	1170
5	0	0.06745292883	1170	1175
5	0	0.0895899963643	1175	1180
5	0	0.077244410234	1180	1185
5	0	0.051406828152	1185	1190
5	0	0.0609739429513	1190	1195
5	0	0.0825252211349	1195	1200
5	0	0.0265302833988	1200	1205
5	0	0.017413507419	1205	1210
5	0	0.0197756380056	1210	1215
5	0	0.0400061508973	1215	1220
5	0	0.0429661378305	1220	1225
5	0	0.0376337910305	1225	1230
5	0	0.0188999585812	1230	1235
5	0	0.0402206586403	1235	1240
5	0	0.0489174749098	1240	1245
5	0	0.0263774014831	1245	1250
5	0	0.012095273554	1250	1255
5	0	0.0184503768008	1255	1260
5	0	0.0154058079027	1260	1265
5	0	0.0172509583895	1265	1270
5	0	0.0421952685018	1270	1275
5	0	0.0354301747233	1275	1280
5	0	0.0410049492429	1280	1285
5	0	0.0383062797777	1285	1290
5	0	0.0341714174834	1290	1295
5	0	0.0103635147138	1295	1300
5	0	0.0224773964947	1300	1305
5	0	0.043367475887	1305	1310
5	0	0.0101382779579	1310	1315
5	0	0.0156197107032	1315	1320
5	0	0.0355583465824	1320	1325
5	0	0.0462437909589	1325	1330
5	0	0.0215350486185	1330	1335
5	0	0.0179920270775	1335	1340
5	0	0.0348465169455	1340	1345
5	0	0.0157443871475	1345	1350
7	0	0.0	1350	1355
7	0	0.0	1355	1360
7	0	0.0	1360	1365
7	0	0.0	1365	1370
10	0	0.0	1370	1375
10	0	0.0	1375	1380
10	0	0.0	1380	1385
10	0	0.0	1385	1390
10	0	0.0	1390	1395
10	0	0.0	1395	1400
10	0	0.0	1400	1405
10	0	0.0	1405	1410
10	0	0.0	1410	1415
10	0	0.0	1415	1420
10	0	0.0	1420	1425
10	0	0.0	1425	1430
10	0	0.0	1430	1440
0